ASSIGNMENT ASSESSMENT
Homework 01
Data: [  85  84  65  74   7  33  34  84  62  94   6  23  50  15  86  68  35  61  83  49  64  73  62  26  12  99  66  81  99  26]
Stat: [Mn:  -1.00 Mx:  -1.00 Rn:  -1.00 Md:  -1.00 Av:   0.00 Sd:  -1.00 Oc:  -1.00]

Homework 02
Data: [  57  75  64  93  15  34  18  31  70  15  15  54  65  13  55  45   3  72  70  55  88  94  90  59  72  84  67  25  64  51]
Stat: [Mn:  -1.00 Mx:  -1.00 Rn:  -1.00 Md:  -1.00 Av:   0.00 Sd:  -1.00 Oc:  -1.00]

Homework 03
Data: [  70  89  60  76  17  48  39  61  97  82  41   6  37  14  81  11  11  89  84  50  77  67  70  57  92  78  87  15  65  80]
Stat: [Mn:  -1.00 Mx:  -1.00 Rn:  -1.00 Md:  -1.00 Av:   0.00 Sd:  -1.00 Oc:  -1.00]

Homework 04
Data: [  52  62  13  84  34  17  59  50  27  72  59  67  79  20  78   0  45  43  98  42  82  71  55  58  40  70  31  35  56  56]
Stat: [Mn:  -1.00 Mx:  -1.00 Rn:  -1.00 Md:  -1.00 Av:   0.00 Sd:  -1.00 Oc:  -1.00]

Homework 05
Data: [  87  72  29  60  19  36  44  34   7  51  17  68  48  31  91  23  34  39  65  44  70  93  27   3  81  96  55  68  87  18]
Stat: [Mn:  -1.00 Mx:  -1.00 Rn:  -1.00 Md:  -1.00 Av:   0.00 Sd:  -1.00 Oc:  -1.00]

Homework 06
Data: [  91 100  45  80  35  15  46  39  96  22  49  44  10  20  52   8  60  46  60  52  76  35  86  47  58  93  92  56  35  78]
Stat: [Mn:  -1.00 Mx:  -1.00 Rn:  -1.00 Md:  -1.00 Av:   0.00 Sd:  -1.00 Oc:  -1.00]

Homework 07
Data: [  80  92  83  53  16  27  62  53  24  69  75  66  42  28  52  24  51  57  61  29  59  97  70  15  94  92  52  52  94  71]
Stat: [Mn:  -1.00 Mx:  -1.00 Rn:  -1.00 Md:  -1.00 Av:   0.00 Sd:  -1.00 Oc:  -1.00]

Homework 08
Data: [  97  69  80  51   8  64  22  46  42  59  66  61  25  41  52   8   0  26  48  78  84  89  41  26  24  48  29  34  57  29]
Stat: [Mn:  -1.00 Mx:  -1.00 Rn:  -1.00 Md:  -1.00 Av:   0.00 Sd:  -1.00 Oc:  -1.00]

Homework 09
Data: [  91  68  77  19   9  72  27  43  99  93  36  84  14  25  84  19  23  85  64  21  53  96  62  32  24  86  41  44  31  42]
Stat: [Mn:  -1.00 Mx:  -1.00 Rn:  -1.00 Md:  -1.00 Av:   0.00 Sd:  -1.00 Oc:  -1.00]

Homework 10
Data: [  48  96  60  46  35  45  17  72  38  67  38  34  24  43  46  52   8  21  32  49  80  38  70  76  95  79  38  54  14  44]
Stat: [Mn:  -1.00 Mx:  -1.00 Rn:  -1.00 Md:  -1.00 Av:   0.00 Sd:  -1.00 Oc:  -1.00]

Quiz 01
Data: [  74  92  51  60  58  72  96  40  37  39  22  41  35  53  60  18   7  96  48  84  44  88  66  13  65  47  23  35  38  79]
Stat: [Mn:  -1.00 Mx:  -1.00 Rn:  -1.00 Md:  -1.00 Av:   0.00 Sd:  -1.00 Oc:  -1.00]

Quiz 02
Data: [  92  76  72  65  31  46  30   8  20  85  38  81  70  15  64  40  13  77  46  61  48  64  74  63  31  33  42  79  46  38]
Stat: [Mn:  -1.00 Mx:  -1.00 Rn:  -1.00 Md:  -1.00 Av:   0.00 Sd:  -1.00 Oc:  -1.00]

Quiz 03
Data: [  74  64  86  75  21  22  75  33  91  72  93  14  89  40  99  16  44  59  75  31  83  39  94  75  25  80  48   5  53  78]
Stat: [Mn:  -1.00 Mx:  -1.00 Rn:  -1.00 Md:  -1.00 Av:   0.00 Sd:  -1.00 Oc:  -1.00]

Quiz 04
Data: [  68  96  61  75  12  49  16  37  64  36  53  27  55  52  65   9   6  57  59  59  45  30  79  82  48  72  44  73  66  43]
Stat: [Mn:  -1.00 Mx:  -1.00 Rn:  -1.00 Md:  -1.00 Av:   0.00 Sd:  -1.00 Oc:  -1.00]

Quiz 05
Data: [  67  47  64  74   2  30  73  19  49  57  90  40  48  26  90  63  31  71  50  12  74  95  74  42  62  53  73  36  76  47]
Stat: [Mn:  -1.00 Mx:  -1.00 Rn:  -1.00 Md:  -1.00 Av:   0.00 Sd:  -1.00 Oc:  -1.00]

Midterm
Data: [  69  37  73  87  40  94  60  12   6   4  45  73   0  41  80  55  47  64  91  10  51  42  93  15  40  57  57  94  40   7]
Stat: [Mn:  -1.00 Mx:  -1.00 Rn:  -1.00 Md:  -1.00 Av:   0.00 Sd:  -1.00 Oc:  -1.00]

Final
Data: [  78   7  70  20  30  55   4  50  28  63  74  54  15  44  86  98  32  75  28  19  94  14  15  81  20  88  57  93   5   8]
Stat: [Mn:  -1.00 Mx:  -1.00 Rn:  -1.00 Md:  -1.00 Av:   0.00 Sd:  -1.00 Oc:  -1.00]

STUDENT ASSESSMENT
Student 01
Data: [  85  57  70  52  87  91  80  97  91  48  74  92  74  68  67  69  78]
Stat: [Mn:  -1.00 Mx:  -1.00 Rn:  -1.00 Md:  -1.00 Av:   0.00 Sd:  -1.00 Oc:  -1.00]

Student 02
Data: [  84  75  89  62  72 100  92  69  68  96  92  76  64  96  47  37   7]
Stat: [Mn:  -1.00 Mx:  -1.00 Rn:  -1.00 Md:  -1.00 Av:   0.00 Sd:  -1.00 Oc:  -1.00]

Student 03
Data: [  65  64  60  13  29  45  83  80  77  60  51  72  86  61  64  73  70]
Stat: [Mn:  -1.00 Mx:  -1.00 Rn:  -1.00 Md:  -1.00 Av:   0.00 Sd:  -1.00 Oc:  -1.00]

Student 04
Data: [  74  93  76  84  60  80  53  51  19  46  60  65  75  75  74  87  20]
Stat: [Mn:  -1.00 Mx:  -1.00 Rn:  -1.00 Md:  -1.00 Av:   0.00 Sd:  -1.00 Oc:  -1.00]

Student 05
Data: [   7  15  17  34  19  35  16   8   9  35  58  31  21  12   2  40  30]
Stat: [Mn:  -1.00 Mx:  -1.00 Rn:  -1.00 Md:  -1.00 Av:   0.00 Sd:  -1.00 Oc:  -1.00]

Student 06
Data: [  33  34  48  17  36  15  27  64  72  45  72  46  22  49  30  94  55]
Stat: [Mn:  -1.00 Mx:  -1.00 Rn:  -1.00 Md:  -1.00 Av:   0.00 Sd:  -1.00 Oc:  -1.00]

Student 07
Data: [  34  18  39  59  44  46  62  22  27  17  96  30  75  16  73  60   4]
Stat: [Mn:  -1.00 Mx:  -1.00 Rn:  -1.00 Md:  -1.00 Av:   0.00 Sd:  -1.00 Oc:  -1.00]

Student 08
Data: [  84  31  61  50  34  39  53  46  43  72  40   8  33  37  19  12  50]
Stat: [Mn:  -1.00 Mx:  -1.00 Rn:  -1.00 Md:  -1.00 Av:   0.00 Sd:  -1.00 Oc:  -1.00]

Student 09
Data: [  62  70  97  27   7  96  24  42  99  38  37  20  91  64  49   6  28]
Stat: [Mn:  -1.00 Mx:  -1.00 Rn:  -1.00 Md:  -1.00 Av:   0.00 Sd:  -1.00 Oc:  -1.00]

Student 10
Data: [  94  15  82  72  51  22  69  59  93  67  39  85  72  36  57   4  63]
Stat: [Mn:  -1.00 Mx:  -1.00 Rn:  -1.00 Md:  -1.00 Av:   0.00 Sd:  -1.00 Oc:  -1.00]

Student 11
Data: [   6  15  41  59  17  49  75  66  36  38  22  38  93  53  90  45  74]
Stat: [Mn:  -1.00 Mx:  -1.00 Rn:  -1.00 Md:  -1.00 Av:   0.00 Sd:  -1.00 Oc:  -1.00]

Student 12
Data: [  23  54   6  67  68  44  66  61  84  34  41  81  14  27  40  73  54]
Stat: [Mn:  -1.00 Mx:  -1.00 Rn:  -1.00 Md:  -1.00 Av:   0.00 Sd:  -1.00 Oc:  -1.00]

Student 13
Data: [  50  65  37  79  48  10  42  25  14  24  35  70  89  55  48   0  15]
Stat: [Mn:  -1.00 Mx:  -1.00 Rn:  -1.00 Md:  -1.00 Av:   0.00 Sd:  -1.00 Oc:  -1.00]

Student 14
Data: [  15  13  14  20  31  20  28  41  25  43  53  15  40  52  26  41  44]
Stat: [Mn:  -1.00 Mx:  -1.00 Rn:  -1.00 Md:  -1.00 Av:   0.00 Sd:  -1.00 Oc:  -1.00]

Student 15
Data: [  86  55  81  78  91  52  52  52  84  46  60  64  99  65  90  80  86]
Stat: [Mn:  -1.00 Mx:  -1.00 Rn:  -1.00 Md:  -1.00 Av:   0.00 Sd:  -1.00 Oc:  -1.00]

Student 16
Data: [  68  45  11   0  23   8  24   8  19  52  18  40  16   9  63  55  98]
Stat: [Mn:  -1.00 Mx:  -1.00 Rn:  -1.00 Md:  -1.00 Av:   0.00 Sd:  -1.00 Oc:  -1.00]

Student 17
Data: [  35   3  11  45  34  60  51   0  23   8   7  13  44   6  31  47  32]
Stat: [Mn:  -1.00 Mx:  -1.00 Rn:  -1.00 Md:  -1.00 Av:   0.00 Sd:  -1.00 Oc:  -1.00]

Student 18
Data: [  61  72  89  43  39  46  57  26  85  21  96  77  59  57  71  64  75]
Stat: [Mn:  -1.00 Mx:  -1.00 Rn:  -1.00 Md:  -1.00 Av:   0.00 Sd:  -1.00 Oc:  -1.00]

Student 19
Data: [  83  70  84  98  65  60  61  48  64  32  48  46  75  59  50  91  28]
Stat: [Mn:  -1.00 Mx:  -1.00 Rn:  -1.00 Md:  -1.00 Av:   0.00 Sd:  -1.00 Oc:  -1.00]

Student 20
Data: [  49  55  50  42  44  52  29  78  21  49  84  61  31  59  12  10  19]
Stat: [Mn:  -1.00 Mx:  -1.00 Rn:  -1.00 Md:  -1.00 Av:   0.00 Sd:  -1.00 Oc:  -1.00]

Student 21
Data: [  64  88  77  82  70  76  59  84  53  80  44  48  83  45  74  51  94]
Stat: [Mn:  -1.00 Mx:  -1.00 Rn:  -1.00 Md:  -1.00 Av:   0.00 Sd:  -1.00 Oc:  -1.00]

Student 22
Data: [  73  94  67  71  93  35  97  89  96  38  88  64  39  30  95  42  14]
Stat: [Mn:  -1.00 Mx:  -1.00 Rn:  -1.00 Md:  -1.00 Av:   0.00 Sd:  -1.00 Oc:  -1.00]

Student 23
Data: [  62  90  70  55  27  86  70  41  62  70  66  74  94  79  74  93  15]
Stat: [Mn:  -1.00 Mx:  -1.00 Rn:  -1.00 Md:  -1.00 Av:   0.00 Sd:  -1.00 Oc:  -1.00]

Student 24
Data: [  26  59  57  58   3  47  15  26  32  76  13  63  75  82  42  15  81]
Stat: [Mn:  -1.00 Mx:  -1.00 Rn:  -1.00 Md:  -1.00 Av:   0.00 Sd:  -1.00 Oc:  -1.00]

Student 25
Data: [  12  72  92  40  81  58  94  24  24  95  65  31  25  48  62  40  20]
Stat: [Mn:  -1.00 Mx:  -1.00 Rn:  -1.00 Md:  -1.00 Av:   0.00 Sd:  -1.00 Oc:  -1.00]

Student 26
Data: [  99  84  78  70  96  93  92  48  86  79  47  33  80  72  53  57  88]
Stat: [Mn:  -1.00 Mx:  -1.00 Rn:  -1.00 Md:  -1.00 Av:   0.00 Sd:  -1.00 Oc:  -1.00]

Student 27
Data: [  66  67  87  31  55  92  52  29  41  38  23  42  48  44  73  57  57]
Stat: [Mn:  -1.00 Mx:  -1.00 Rn:  -1.00 Md:  -1.00 Av:   0.00 Sd:  -1.00 Oc:  -1.00]

Student 28
Data: [  81  25  15  35  68  56  52  34  44  54  35  79   5  73  36  94  93]
Stat: [Mn:  -1.00 Mx:  -1.00 Rn:  -1.00 Md:  -1.00 Av:   0.00 Sd:  -1.00 Oc:  -1.00]

Student 29
Data: [  99  64  65  56  87  35  94  57  31  14  38  46  53  66  76  40   5]
Stat: [Mn:  -1.00 Mx:  -1.00 Rn:  -1.00 Md:  -1.00 Av:   0.00 Sd:  -1.00 Oc:  -1.00]

Student 30
Data: [  26  51  80  56  18  78  71  29  42  44  79  38  78  43  47   7   8]
Stat: [Mn:  -1.00 Mx:  -1.00 Rn:  -1.00 Md:  -1.00 Av:   0.00 Sd:  -1.00 Oc:  -1.00]

